[0.0, 0.0, 0.0, genpy.Time[1305031104227247282]]
[0.0017534635262563825, -0.002344566397368908, -0.025541123002767563, genpy.Time[1305031104275545679]]
[-0.0004499998176470399, -0.0032245381735265255, -0.038164325058460236, genpy.Time[1305031104311218573]]
[-0.00039790739538148046, -0.001546834479086101, -0.05169137567281723, genpy.Time[1305031104343342060]]
[-0.0028869137167930603, -0.001004287856630981, -0.06194707378745079, genpy.Time[1305031104375836699]]
[-0.005980335641652346, -0.0008294118451885879, -0.07190172374248505, genpy.Time[1305031104411509258]]
[-0.010647031478583813, -0.0010592403123155236, -0.08226500451564789, genpy.Time[1305031104443287527]]
[-0.015801383182406425, -0.0024265004321932793, -0.09173101931810379, genpy.Time[1305031104475456441]]
[-0.013305983506143093, -0.008725903928279877, -0.11002220213413239, genpy.Time[1305031104543367577]]
[-0.008926738053560257, -0.009969152510166168, -0.1169988363981247, genpy.Time[1305031104575343009]]
[-0.0034706410951912403, -0.01714457757771015, -0.1235189214348793, genpy.Time[1305031104611335658]]
[-0.003072226420044899, -0.014296944253146648, -0.13757753372192383, genpy.Time[1305031104643243038]]
[-0.0035237264819443226, -0.01601686142385006, -0.1488076001405716, genpy.Time[1305031104675525079]]
[-0.0032626520842313766, -0.011964044533669949, -0.15754631161689758, genpy.Time[1305031104711277442]]
[-0.0016524132806807756, -0.011202110908925533, -0.16890376806259155, genpy.Time[1305031104743279719]]
[-0.00638117641210556, -0.0073143308982253075, -0.18225984275341034, genpy.Time[1305031104775326787]]
[-0.005933901760727167, 0.0010210005566477776, -0.18896059691905975, genpy.Time[1305031104811465158]]
[-0.010596534237265587, 0.007830976508557796, -0.19816921651363373, genpy.Time[1305031104843257881]]
[-0.014549854211509228, 0.02082255482673645, -0.1951788067817688, genpy.Time[1305031104875350146]]
[-0.011977912858128548, 0.018204201012849808, -0.20430637896060944, genpy.Time[1305031104911534093]]
[-0.01199737936258316, 0.021559882909059525, -0.2017384022474289, genpy.Time[1305031104943261696]]
[-0.010689634829759598, 0.030606215819716454, -0.19927115738391876, genpy.Time[1305031104975202150]]
[-0.014412212185561657, 0.031711600720882416, -0.18473981320858002, genpy.Time[1305031105043372983]]
[-0.012653511017560959, 0.032586727291345596, -0.1713332086801529, genpy.Time[1305031105075320401]]
[-0.013902740553021431, 0.02666274644434452, -0.1606588065624237, genpy.Time[1305031105111298620]]
[-0.017187824472784996, 0.038917798548936844, -0.14304545521736145, genpy.Time[1305031105143106192]]
[-0.017334414646029472, 0.041055601090192795, -0.12905363738536835, genpy.Time[1305031105175159498]]
[-0.024223141372203827, 0.03205445036292076, -0.09657116234302521, genpy.Time[1305031105243270282]]
[-0.028285782784223557, 0.036581143736839294, -0.08274982869625092, genpy.Time[1305031105275287796]]
[-0.02911825105547905, 0.028697717934846878, -0.07189992815256119, genpy.Time[1305031105311289803]]
[-0.02556280419230461, 0.02001434564590454, -0.06556928157806396, genpy.Time[1305031105343301719]]
[-0.027111859992146492, 0.01811486855149269, -0.0461946576833725, genpy.Time[1305031105375338073]]
[-0.02570500411093235, 0.027679072692990303, -0.03104482963681221, genpy.Time[1305031105411286307]]
[-0.027161825448274612, 0.02024386264383793, -0.018553640693426132, genpy.Time[1305031105443315789]]
[-0.026822390034794807, 0.021077832207083702, -0.004763366654515266, genpy.Time[1305031105475280060]]
[-0.022016378119587898, 0.021918727084994316, 0.009960602968931198, genpy.Time[1305031105511332243]]
[-0.018363460898399353, 0.01852845773100853, 0.025451725348830223, genpy.Time[1305031105543281682]]
[-0.021083960309624672, 0.02199753373861313, 0.0384695939719677, genpy.Time[1305031105575448871]]
[-0.01705275848507881, 0.016248812898993492, 0.05456116050481796, genpy.Time[1305031105611378080]]
[-0.01923675648868084, 0.018056228756904602, 0.06685397028923035, genpy.Time[1305031105643273083]]
[-0.009119880385696888, 0.02004462480545044, 0.08422616124153137, genpy.Time[1305031105675166307]]
[-0.010860435664653778, 0.01933927647769451, 0.09819042682647705, genpy.Time[1305031105711308876]]
[-0.007330017630010843, 0.02675067074596882, 0.11196976900100708, genpy.Time[1305031105743311609]]
[-0.004907918628305197, 0.025612469762563705, 0.14143940806388855, genpy.Time[1305031105811282550]]
[-0.0016208011656999588, 0.02635021135210991, 0.1558612436056137, genpy.Time[1305031105843271161]]
[0.00332871126011014, 0.032203707844018936, 0.16878539323806763, genpy.Time[1305031105875337271]]
[0.0025257118977606297, 0.03813145309686661, 0.18336623907089233, genpy.Time[1305031105911261770]]
[0.0022540020290762186, 0.04292064160108566, 0.19717144966125488, genpy.Time[1305031105943272058]]
[0.004259943496435881, 0.04657518491148949, 0.2109500616788864, genpy.Time[1305031105975329106]]
[0.005064678378403187, 0.05022750049829483, 0.22384487092494965, genpy.Time[1305031106011284580]]
[0.006082067731767893, 0.052050456404685974, 0.2366490513086319, genpy.Time[1305031106043355261]]
[0.0045984061434865, 0.05508778244256973, 0.24858295917510986, genpy.Time[1305031106075330282]]
[0.004838972352445126, 0.058683041483163834, 0.25908800959587097, genpy.Time[1305031106111327431]]
[0.004556081257760525, 0.058880940079689026, 0.2712635397911072, genpy.Time[1305031106143354800]]
[0.004395772237330675, 0.06065681576728821, 0.2820951044559479, genpy.Time[1305031106175533967]]
[0.0045854272320866585, 0.059909284114837646, 0.29278260469436646, genpy.Time[1305031106211275278]]
[0.0014749572146683931, 0.06419532746076584, 0.2997414171695709, genpy.Time[1305031106243267163]]
[0.0018704826943576336, 0.06906141340732574, 0.3060101568698883, genpy.Time[1305031106276385423]]
[0.0018169262912124395, 0.07251124083995819, 0.312228798866272, genpy.Time[1305031106311238012]]
[0.0015782271511852741, 0.07867565006017685, 0.3154389262199402, genpy.Time[1305031106343258463]]
[0.00624763173982501, 0.07912234961986542, 0.3195159435272217, genpy.Time[1305031106375388128]]
[0.006992276757955551, 0.07010288536548615, 0.31949764490127563, genpy.Time[1305031106411320419]]
[0.0013786680065095425, 0.06730736047029495, 0.3189287483692169, genpy.Time[1305031106443277975]]
[-0.0005398854846134782, 0.06427326798439026, 0.31479573249816895, genpy.Time[1305031106475344968]]
[-0.0046942345798015594, 0.0588202029466629, 0.30855613946914673, genpy.Time[1305031106511129035]]
[-0.003151735756546259, 0.05805084481835365, 0.29930880665779114, genpy.Time[1305031106543302038]]
[-0.004151767585426569, 0.0563674196600914, 0.2890869677066803, genpy.Time[1305031106575282297]]
[-0.006899378262460232, 0.05627908557653427, 0.2775569558143616, genpy.Time[1305031106611150854]]
[-0.010259348899126053, 0.05157002806663513, 0.25435376167297363, genpy.Time[1305031106675279404]]
[-0.012444384396076202, 0.04765055328607559, 0.241324320435524, genpy.Time[1305031106711507820]]
[-0.014633042737841606, 0.043792057782411575, 0.22663787007331848, genpy.Time[1305031106743341502]]
[-0.01230399776250124, 0.04281171038746834, 0.21173767745494843, genpy.Time[1305031106775390092]]
[-0.012782732956111431, 0.04289304465055466, 0.19534538686275482, genpy.Time[1305031106811289386]]
[-0.01550474762916565, 0.03313447907567024, 0.18121342360973358, genpy.Time[1305031106843415803]]
[-0.010562577284872532, 0.03066442906856537, 0.16367366909980774, genpy.Time[1305031106875905154]]
[-0.012144258245825768, 0.033131662756204605, 0.1438785344362259, genpy.Time[1305031106911243249]]
[-0.013205784372985363, 0.026405563578009605, 0.12841100990772247, genpy.Time[1305031106943439330]]
[-0.013803279958665371, 0.020185809582471848, 0.11238652467727661, genpy.Time[1305031106975547264]]
[-0.01704186014831066, 0.02721075713634491, 0.09091128408908844, genpy.Time[1305031107011576062]]
[-0.017163962125778198, 0.01872098818421364, 0.07614834606647491, genpy.Time[1305031107043280674]]
[-0.021857837215065956, 0.012909837067127228, 0.059461601078510284, genpy.Time[1305031107075432345]]
[-0.02295626327395439, 0.01430584117770195, 0.04195774346590042, genpy.Time[1305031107111228987]]
[-0.01926635205745697, 0.012270094826817513, 0.02601519040763378, genpy.Time[1305031107143260488]]
[-0.021896755322813988, 0.007465104106813669, 0.012963304296135902, genpy.Time[1305031107175399194]]
[-0.01602478325366974, 0.005815910175442696, 0.0028127338737249374, genpy.Time[1305031107211358344]]
[-0.01488447468727827, 0.0062011657282710075, -0.012346490286290646, genpy.Time[1305031107243378224]]
[-0.01331142894923687, 0.002814855659380555, -0.024575449526309967, genpy.Time[1305031107275398351]]
[-0.014649322256445885, -0.0008087598253041506, -0.03644820675253868, genpy.Time[1305031107311226146]]
[-0.010477766394615173, -0.005354255437850952, -0.0485958456993103, genpy.Time[1305031107343509059]]
[-0.009494488127529621, 0.0030164504423737526, -0.06178923323750496, genpy.Time[1305031107375412803]]
[-0.010160817764699459, 0.0014375875471159816, -0.07094111293554306, genpy.Time[1305031107411271146]]
[-0.009819172322750092, 0.005236427765339613, -0.07853331416845322, genpy.Time[1305031107443419144]]
[-0.005243093241006136, 0.004708721302449703, -0.08122466504573822, genpy.Time[1305031107475376898]]
[-0.0035701184533536434, 0.010502887889742851, -0.08447778970003128, genpy.Time[1305031107511351725]]
[0.002168185543268919, 0.007467349525541067, -0.08550325036048889, genpy.Time[1305031107543605235]]
[0.0013906517997384071, 0.004090062342584133, -0.08114759624004364, genpy.Time[1305031107575454149]]
[0.007555484306067228, 0.00737469969317317, -0.08510252088308334, genpy.Time[1305031107611270947]]
[0.003439437597990036, 0.012022588402032852, -0.08213701099157333, genpy.Time[1305031107643322648]]
[0.0048025730066001415, 0.012917499989271164, -0.07906094193458557, genpy.Time[1305031107675568036]]
[0.002571412827819586, 0.01505902037024498, -0.0778544545173645, genpy.Time[1305031107711306564]]
[0.002095701638609171, 0.02234194427728653, -0.07421021163463593, genpy.Time[1305031107743537712]]
[-0.00019814865663647652, 0.018565675243735313, -0.07194677740335464, genpy.Time[1305031107775801766]]
[0.006738618016242981, 0.021064061671495438, -0.06893398612737656, genpy.Time[1305031107811595804]]
[0.004573226906359196, 0.02118043042719364, -0.06863168627023697, genpy.Time[1305031107843332252]]
[0.008700024336576462, 0.01916649378836155, -0.06675279140472412, genpy.Time[1305031107875357982]]
[0.014092249795794487, 0.018444431945681572, -0.06323089450597763, genpy.Time[1305031107911541226]]
[0.019867075607180595, 0.017246689647436142, -0.06056254357099533, genpy.Time[1305031107943122251]]
[0.026401054114103317, 0.015124857425689697, -0.05887756496667862, genpy.Time[1305031107975807285]]
[0.03545929491519928, 0.016837339848279953, -0.05818680301308632, genpy.Time[1305031108011320301]]
[0.05237308144569397, 0.021175803616642952, -0.05502935126423836, genpy.Time[1305031108043418520]]
[0.06002375856041908, 0.018885759636759758, -0.05245257169008255, genpy.Time[1305031108075351889]]
[0.06650832295417786, 0.01842118613421917, -0.0482545904815197, genpy.Time[1305031108111378408]]
[0.07868789881467819, 0.022801551967859268, -0.04758930951356888, genpy.Time[1305031108143333758]]
[0.08881238102912903, 0.027837859466671944, -0.04702621325850487, genpy.Time[1305031108176057594]]
[0.10128042846918106, 0.024689940735697746, -0.04220878705382347, genpy.Time[1305031108211475149]]
[0.11901653558015823, 0.01861713081598282, -0.039713311940431595, genpy.Time[1305031108243346828]]
[0.12698888778686523, 0.023777414113283157, -0.03844647482037544, genpy.Time[1305031108275358476]]
[0.1353142112493515, 0.031192032620310783, -0.03507041931152344, genpy.Time[1305031108311331776]]
[0.14587022364139557, 0.03140959516167641, -0.033203527331352234, genpy.Time[1305031108343277630]]
[0.1541411131620407, 0.03201171010732651, -0.030119720846414566, genpy.Time[1305031108375409878]]
[0.17000189423561096, 0.03317975997924805, -0.025360407307744026, genpy.Time[1305031108411361243]]
[0.1834089159965515, 0.03165004774928093, -0.026134636253118515, genpy.Time[1305031108443610310]]
[0.197160542011261, 0.028871361166238785, -0.02231745794415474, genpy.Time[1305031108475470665]]
[0.21829432249069214, 0.024126820266246796, -0.02157268300652504, genpy.Time[1305031108511377911]]
[0.22881262004375458, 0.02122403495013714, -0.022356508299708366, genpy.Time[1305031108543737086]]
[0.23903623223304749, 0.030711866915225983, -0.022296302020549774, genpy.Time[1305031108575413766]]
[0.2526378929615021, 0.030649801716208458, -0.019352160394191742, genpy.Time[1305031108611407180]]
[0.26515620946884155, 0.03878705948591232, -0.021222079172730446, genpy.Time[1305031108643303121]]
[0.28173619508743286, 0.04429592192173004, -0.02262786403298378, genpy.Time[1305031108675374819]]
[0.28819146752357483, 0.039143335074186325, -0.01926962472498417, genpy.Time[1305031108711410859]]
[0.29429540038108826, 0.03689904883503914, -0.01752384379506111, genpy.Time[1305031108743502213]]
[0.30615630745887756, 0.04311919957399368, -0.018971828743815422, genpy.Time[1305031108775493165]]
[0.3082619607448578, 0.040957845747470856, -0.0171748585999012, genpy.Time[1305031108811244519]]
[0.30752328038215637, 0.03664121404290199, -0.017530910670757294, genpy.Time[1305031108843264257]]
[0.30883193016052246, 0.038027238100767136, -0.019415417686104774, genpy.Time[1305031108876515088]]
[0.31030139327049255, 0.032135795801877975, -0.021890301257371902, genpy.Time[1305031108911363853]]
[0.30198246240615845, 0.02627607248723507, -0.02341003529727459, genpy.Time[1305031108943242815]]
[0.3003687262535095, 0.03518214821815491, -0.03044833615422249, genpy.Time[1305031108975267672]]
[0.30096080899238586, 0.034563098102808, -0.0322328619658947, genpy.Time[1305031109011268831]]
[0.28409963846206665, 0.04056766629219055, -0.03668283671140671, genpy.Time[1305031109075410081]]
[0.27832671999931335, 0.03897114470601082, -0.036170683801174164, genpy.Time[1305031109111282160]]
[0.2529614269733429, 0.030560661107301712, -0.03101721592247486, genpy.Time[1305031109143334188]]
[0.24412032961845398, 0.03777650371193886, -0.032327406108379364, genpy.Time[1305031109175463728]]
[0.24333004653453827, 0.05462595075368881, -0.03390492871403694, genpy.Time[1305031109211378536]]
[0.2299795299768448, 0.04768693447113037, -0.03253086283802986, genpy.Time[1305031109243289708]]
[0.21067196130752563, 0.028477033600211143, -0.03349679335951805, genpy.Time[1305031109275308322]]
[0.1799718141555786, 0.03812555968761444, -0.0366048738360405, genpy.Time[1305031109343248202]]
[0.17852400243282318, 0.03316713124513626, -0.03307506442070007, genpy.Time[1305031109375396825]]
[0.1675250083208084, 0.03734185919165611, -0.034641239792108536, genpy.Time[1305031109411328817]]
[0.1559266597032547, 0.04273135960102081, -0.032147690653800964, genpy.Time[1305031109443302241]]
[0.14546403288841248, 0.03664735332131386, -0.03190157189965248, genpy.Time[1305031109475363565]]
[0.1319432407617569, 0.03389913961291313, -0.0317419096827507, genpy.Time[1305031109511273471]]
[0.11568424850702286, 0.03472377732396126, -0.03304145112633705, genpy.Time[1305031109543293642]]
[0.1007748544216156, 0.03803011402487755, -0.035587090998888016, genpy.Time[1305031109575361677]]
[0.08754828572273254, 0.0376010537147522, -0.03607923537492752, genpy.Time[1305031109611309871]]
[0.05909448117017746, 0.04308285191655159, -0.03543131425976753, genpy.Time[1305031109675262962]]
[0.044797949492931366, 0.047941092401742935, -0.03564830124378204, genpy.Time[1305031109711311757]]
[0.03305235877633095, 0.046444304287433624, -0.031692422926425934, genpy.Time[1305031109743274372]]
[0.02023453079164028, 0.04614456743001938, -0.029003487899899483, genpy.Time[1305031109775277389]]
[0.0027600396424531937, 0.046121858060359955, -0.028643198311328888, genpy.Time[1305031109811371255]]
[-0.008360959589481354, 0.04872257262468338, -0.02467810921370983, genpy.Time[1305031109843295497]]
[-0.019050609320402145, 0.04428607225418091, -0.023432482033967972, genpy.Time[1305031109875305768]]
[-0.03656572103500366, 0.0446489080786705, -0.01540934108197689, genpy.Time[1305031109911264805]]
[-0.04610801115632057, 0.05069851875305176, -0.015226039104163647, genpy.Time[1305031109943298994]]
[-0.05719988793134689, 0.04727693274617195, -0.00887538492679596, genpy.Time[1305031109975257831]]
[-0.06997459381818771, 0.04952675476670265, -0.004175583366304636, genpy.Time[1305031110011255480]]
[-0.07886023819446564, 0.051259905099868774, 0.0019838307052850723, genpy.Time[1305031110043299488]]
[-0.09236976504325867, 0.05265906825661659, 0.004866745788604021, genpy.Time[1305031110075318774]]
[-0.11257580667734146, 0.054191820323467255, 0.009334017522633076, genpy.Time[1305031110111325325]]
[-0.12099023163318634, 0.04544411227107048, 0.01402726024389267, genpy.Time[1305031110143431942]]
[-0.13308587670326233, 0.053608521819114685, 0.01341278851032257, genpy.Time[1305031110175641041]]
[-0.14109069108963013, 0.04778476059436798, 0.020289946347475052, genpy.Time[1305031110211637491]]
[-0.1543840616941452, 0.046754833310842514, 0.022670039907097816, genpy.Time[1305031110243322950]]
[-0.15702120959758759, 0.04425307735800743, 0.024363191798329353, genpy.Time[1305031110279321492]]
[-0.17379796504974365, 0.046797558665275574, 0.024012621492147446, genpy.Time[1305031110311403512]]
[-0.18412621319293976, 0.04980115965008736, 0.02540748007595539, genpy.Time[1305031110343354992]]
[-0.19831684231758118, 0.04936202988028526, 0.025940749794244766, genpy.Time[1305031110379281381]]
[-0.20992033183574677, 0.0537138469517231, 0.022280748933553696, genpy.Time[1305031110411468619]]
[-0.22052420675754547, 0.054254114627838135, 0.02258484996855259, genpy.Time[1305031110443260345]]
[-0.2313103824853897, 0.053270045667886734, 0.0284785944968462, genpy.Time[1305031110479330625]]
[-0.24227048456668854, 0.05262310802936554, 0.029108654707670212, genpy.Time[1305031110511429329]]
[-0.25410178303718567, 0.05942041054368019, 0.029829686507582664, genpy.Time[1305031110543408366]]
[-0.266300231218338, 0.06393230706453323, 0.02937503159046173, genpy.Time[1305031110579425533]]
[-0.27384763956069946, 0.06255334615707397, 0.039903268218040466, genpy.Time[1305031110611306813]]
[-0.2813880145549774, 0.0604904405772686, 0.03959154710173607, genpy.Time[1305031110643417967]]
[-0.29068511724472046, 0.06874174624681473, 0.038402821868658066, genpy.Time[1305031110679605871]]
[-0.296322226524353, 0.06923135370016098, 0.042574573308229446, genpy.Time[1305031110711412528]]
[-0.30213189125061035, 0.06645931303501129, 0.04358716681599617, genpy.Time[1305031110743249432]]
[-0.30706727504730225, 0.06774795800447464, 0.04227675497531891, genpy.Time[1305031110779193313]]
[-0.31014391779899597, 0.06815215945243835, 0.04246818646788597, genpy.Time[1305031110811385994]]
[-0.31230634450912476, 0.06782902777194977, 0.04337698593735695, genpy.Time[1305031110843217873]]
[-0.31150689721107483, 0.06883541494607925, 0.04492844268679619, genpy.Time[1305031110879313570]]
[-0.30981582403182983, 0.06982859969139099, 0.0444311685860157, genpy.Time[1305031110911332771]]
[-0.30605456233024597, 0.07211589813232422, 0.04597543552517891, genpy.Time[1305031110943862239]]
[-0.3007754981517792, 0.07736209779977798, 0.04853242635726929, genpy.Time[1305031110979344899]]
[-0.2921767830848694, 0.07917910069227219, 0.053319051861763, genpy.Time[1305031111011430660]]
[-0.28741368651390076, 0.07756990194320679, 0.04751750826835632, genpy.Time[1305031111043326885]]
[-0.281313955783844, 0.07623393833637238, 0.0446760356426239, genpy.Time[1305031111079282567]]
[-0.2694874703884125, 0.07662827521562576, 0.050761107355356216, genpy.Time[1305031111111507963]]
[-0.26120302081108093, 0.07568754255771637, 0.05092024430632591, genpy.Time[1305031111143257455]]
[-0.24570178985595703, 0.07827643305063248, 0.05252660810947418, genpy.Time[1305031111179326082]]
[-0.2380785197019577, 0.07659021764993668, 0.04886343330144882, genpy.Time[1305031111211433259]]
[-0.2311118096113205, 0.07042091339826584, 0.046527788043022156, genpy.Time[1305031111243236059]]
[-0.2144578993320465, 0.06914938241243362, 0.04676920920610428, genpy.Time[1305031111279308382]]
[-0.20778246223926544, 0.07313008606433868, 0.03785155713558197, genpy.Time[1305031111311547119]]
[-0.19823135435581207, 0.06781139224767685, 0.037018489092588425, genpy.Time[1305031111343397022]]
[-0.18299070000648499, 0.06555136293172836, 0.046595219522714615, genpy.Time[1305031111379133971]]
[-0.17274394631385803, 0.0632200539112091, 0.0349537655711174, genpy.Time[1305031111411295542]]
[-0.15265913307666779, 0.0683978721499443, 0.04444018751382828, genpy.Time[1305031111443385967]]
[-0.13474228978157043, 0.07108237594366074, 0.054314956068992615, genpy.Time[1305031111479259445]]
[-0.12466593831777573, 0.06847452372312546, 0.047834612429142, genpy.Time[1305031111511263996]]
[-0.11194226890802383, 0.06656121462583542, 0.04914582520723343, genpy.Time[1305031111543249891]]
[-0.0962849035859108, 0.07202429324388504, 0.04682086035609245, genpy.Time[1305031111579237381]]
[-0.1014137864112854, 0.06507502496242523, 0.035077452659606934, genpy.Time[1305031111611270959]]
[-0.07287129759788513, 0.055067528039216995, 0.041841328144073486, genpy.Time[1305031111643395151]]
[-0.05523252859711647, 0.06452219188213348, 0.03391347825527191, genpy.Time[1305031111679319626]]
[-0.016750432550907135, 0.06293036043643951, 0.043647393584251404, genpy.Time[1305031111743385974]]
[-0.00127403624355793, 0.0704212412238121, 0.04421199485659599, genpy.Time[1305031111779422962]]
[0.012545428238809109, 0.06779460608959198, 0.037960972636938095, genpy.Time[1305031111843299316]]
[0.0178312249481678, 0.06571217626333237, 0.034739840775728226, genpy.Time[1305031111879441734]]
[0.026452433317899704, 0.060102544724941254, 0.037217020988464355, genpy.Time[1305031111911353831]]
[0.04171771556138992, 0.06296207010746002, 0.035716015845537186, genpy.Time[1305031111943300200]]
[0.06849908828735352, 0.06615252792835236, 0.03542839363217354, genpy.Time[1305031111979448868]]
[0.0788809135556221, 0.06385290622711182, 0.03423424810171127, genpy.Time[1305031112011432702]]
[0.09939014166593552, 0.06466899812221527, 0.03418900817632675, genpy.Time[1305031112043269848]]
[0.11181972920894623, 0.06356777250766754, 0.028397278860211372, genpy.Time[1305031112111423083]]
[0.13624686002731323, 0.07007363438606262, 0.030496444553136826, genpy.Time[1305031112144342198]]
[0.15091781318187714, 0.06789825856685638, 0.031232964247465134, genpy.Time[1305031112179389897]]
[0.16392333805561066, 0.0603964626789093, 0.03344377875328064, genpy.Time[1305031112211254316]]
[0.17523768544197083, 0.05411358177661896, 0.03132558614015579, genpy.Time[1305031112243369101]]
[0.1799667328596115, 0.0514453649520874, 0.028223184868693352, genpy.Time[1305031112279353223]]
[0.19042320549488068, 0.04417889565229416, 0.02958250232040882, genpy.Time[1305031112311312281]]
[0.20456089079380035, 0.0508103221654892, 0.025675365701317787, genpy.Time[1305031112343322806]]
[0.21428082883358002, 0.05227350816130638, 0.025253277271986008, genpy.Time[1305031112379360219]]
[0.22820675373077393, 0.054602690041065216, 0.023457037284970284, genpy.Time[1305031112411441758]]
[0.2395308017730713, 0.049559395760297775, 0.024555396288633347, genpy.Time[1305031112443391000]]
[0.25144943594932556, 0.055041730403900146, 0.019043827429413795, genpy.Time[1305031112479417451]]
[0.2599571645259857, 0.053530145436525345, 0.018788855522871017, genpy.Time[1305031112511503822]]
[0.26896873116493225, 0.0537886843085289, 0.018539415672421455, genpy.Time[1305031112543212389]]
[0.2799568474292755, 0.0560302697122097, 0.015830373391509056, genpy.Time[1305031112579252275]]
[0.2980915904045105, 0.061938438564538956, 0.011140994727611542, genpy.Time[1305031112611261293]]
[0.3095150291919708, 0.0633954256772995, 0.00976764690130949, genpy.Time[1305031112643246527]]
[0.30938100814819336, 0.06028217449784279, 0.012084925547242165, genpy.Time[1305031112679951806]]
[0.31405797600746155, 0.06335970014333725, 0.012091876938939095, genpy.Time[1305031112711250821]]
[0.31495633721351624, 0.07479120790958405, 0.013713667169213295, genpy.Time[1305031112743245345]]
[0.3117119371891022, 0.06637995690107346, 0.01896722987294197, genpy.Time[1305031112779309836]]
[0.29689711332321167, 0.05825531482696533, 0.021578839048743248, genpy.Time[1305031112811310087]]
[0.2949722707271576, 0.06367027759552002, 0.02146519161760807, genpy.Time[1305031112843286377]]
[0.29529815912246704, 0.06405548006296158, 0.02319907397031784, genpy.Time[1305031112879421359]]
[0.2873802185058594, 0.06272317469120026, 0.02305569499731064, genpy.Time[1305031112911410639]]
[0.27636271715164185, 0.05904417112469673, 0.0245404914021492, genpy.Time[1305031112979277978]]
[0.27047717571258545, 0.0643187090754509, 0.023272352293133736, genpy.Time[1305031113011352498]]
[0.2610020339488983, 0.06254331767559052, 0.022707831114530563, genpy.Time[1305031113043231316]]
[0.2422715276479721, 0.041895993053913116, 0.023661987856030464, genpy.Time[1305031113079251366]]
[0.23502857983112335, 0.05192648991942406, 0.02072807587683201, genpy.Time[1305031113111316037]]
[0.22705431282520294, 0.058700863271951675, 0.019327331334352493, genpy.Time[1305031113143306575]]
[0.19497929513454437, 0.049452245235443115, 0.020565904676914215, genpy.Time[1305031113211258791]]
[0.18394018709659576, 0.05103065446019173, 0.01729729026556015, genpy.Time[1305031113243227496]]
[0.1680644005537033, 0.04324399307370186, 0.0219334214925766, genpy.Time[1305031113279312155]]
[0.14731885492801666, 0.032757148146629333, 0.022111184895038605, genpy.Time[1305031113311452004]]
[0.13514374196529388, 0.04621714726090431, 0.018582532182335854, genpy.Time[1305031113343252018]]
[0.10507413744926453, 0.03628230839967728, 0.02560887299478054, genpy.Time[1305031113411625243]]
[0.08586124330759048, 0.045286647975444794, 0.026906399056315422, genpy.Time[1305031113443265727]]
[0.07578399777412415, 0.04383952170610428, 0.029433472082018852, genpy.Time[1305031113479310557]]
[0.053297240287065506, 0.043198540806770325, 0.030754268169403076, genpy.Time[1305031113511522535]]
[0.04087046533823013, 0.038456257432699203, 0.034306686371564865, genpy.Time[1305031113543242154]]
[0.024157678708434105, 0.043859172612428665, 0.03335946798324585, genpy.Time[1305031113579300893]]
[0.009290804155170918, 0.04471792280673981, 0.03582646697759628, genpy.Time[1305031113611268359]]
[0.0003110775724053383, 0.041577063500881195, 0.036892496049404144, genpy.Time[1305031113643221697]]
[-0.016036666929721832, 0.04065477102994919, 0.03802129253745079, genpy.Time[1305031113679287789]]
[-0.028013959527015686, 0.03937070816755295, 0.03968100994825363, genpy.Time[1305031113711930684]]
[-0.036978162825107574, 0.039496615529060364, 0.040732260793447495, genpy.Time[1305031113743590033]]
[-0.05655642971396446, 0.0384296216070652, 0.04340938478708267, genpy.Time[1305031113779320436]]
[-0.06691490858793259, 0.0403810478746891, 0.045322220772504807, genpy.Time[1305031113811237039]]
[-0.08016303181648254, 0.04203455522656441, 0.0466473326086998, genpy.Time[1305031113843294689]]
[-0.10205914825201035, 0.03186802938580513, 0.049822669476270676, genpy.Time[1305031113879281179]]
[-0.11311940103769302, 0.03895394131541252, 0.0504176989197731, genpy.Time[1305031113911289927]]
[-0.14173072576522827, 0.03823382779955864, 0.05341213569045067, genpy.Time[1305031113979292688]]
[-0.15787407755851746, 0.040245093405246735, 0.05388892441987991, genpy.Time[1305031114011257043]]
[-0.17742589116096497, 0.03966950625181198, 0.05751698836684227, genpy.Time[1305031114043300769]]
[-0.19443880021572113, 0.03928039222955704, 0.057724446058273315, genpy.Time[1305031114079284871]]
[-0.21599702537059784, 0.04303298518061638, 0.060753848403692245, genpy.Time[1305031114143283667]]
[-0.22594508528709412, 0.03750971332192421, 0.06318175047636032, genpy.Time[1305031114179337020]]
[-0.24119791388511658, 0.04518787935376167, 0.060974713414907455, genpy.Time[1305031114211302879]]
[-0.2581424415111542, 0.04614943265914917, 0.06712622940540314, genpy.Time[1305031114243337071]]
[-0.26894858479499817, 0.04159806668758392, 0.0676243007183075, genpy.Time[1305031114279390371]]
[-0.2836199402809143, 0.04894178360700607, 0.0742703229188919, genpy.Time[1305031114311429374]]
[-0.2926698625087738, 0.049271874129772186, 0.07744162529706955, genpy.Time[1305031114343330782]]
[-0.302514910697937, 0.04992760345339775, 0.08181122690439224, genpy.Time[1305031114379319764]]
[-0.31334006786346436, 0.050142183899879456, 0.08351673185825348, genpy.Time[1305031114411396488]]
[-0.3257822096347809, 0.04958144947886467, 0.08398069441318512, genpy.Time[1305031114443344557]]
[-0.33757081627845764, 0.04667361080646515, 0.08422023802995682, genpy.Time[1305031114479332085]]
[-0.34160739183425903, 0.048239853233098984, 0.08469292521476746, genpy.Time[1305031114511266482]]
[-0.3434222936630249, 0.050174884498119354, 0.09343017637729645, genpy.Time[1305031114543236432]]
[-0.34889668226242065, 0.04941581189632416, 0.09560123085975647, genpy.Time[1305031114579237490]]
[-0.35583972930908203, 0.050305962562561035, 0.0941006988286972, genpy.Time[1305031114611390857]]
[-0.3617919087409973, 0.046000827103853226, 0.09583263099193573, genpy.Time[1305031114644150479]]
[-0.3661209046840668, 0.04498133435845375, 0.10037992149591446, genpy.Time[1305031114679251501]]
[-0.3672565817832947, 0.043473370373249054, 0.10386847704648972, genpy.Time[1305031114743276054]]
[-0.36720865964889526, 0.04616963118314743, 0.10394112020730972, genpy.Time[1305031114779289036]]
[-0.3669530749320984, 0.047961536794900894, 0.10234494507312775, genpy.Time[1305031114811303158]]
[-0.36504295468330383, 0.048212818801403046, 0.10080134868621826, genpy.Time[1305031114843208044]]
[-0.36083167791366577, 0.05227199196815491, 0.10161396116018295, genpy.Time[1305031114879281097]]
[-0.35657036304473877, 0.05430532991886139, 0.1016131192445755, genpy.Time[1305031114912879170]]
[-0.35011962056159973, 0.058192167431116104, 0.10217893868684769, genpy.Time[1305031114943264158]]
[-0.3433536887168884, 0.06183991581201553, 0.10072217136621475, genpy.Time[1305031114979279832]]
[-0.33588024973869324, 0.0660182535648346, 0.10300770401954651, genpy.Time[1305031115011300390]]
[-0.32381170988082886, 0.06806836277246475, 0.10853587836027145, genpy.Time[1305031115043529754]]
[-0.31466144323349, 0.06667863577604294, 0.1064055934548378, genpy.Time[1305031115079237888]]
[-0.2948804795742035, 0.0742851123213768, 0.11934319138526917, genpy.Time[1305031115111229600]]
[-0.2863526940345764, 0.0694672241806984, 0.11906614154577255, genpy.Time[1305031115143293590]]
[-0.27542051672935486, 0.06648299098014832, 0.1142718642950058, genpy.Time[1305031115179440182]]
[-0.2412436306476593, 0.06279274821281433, 0.1273609846830368, genpy.Time[1305031115243296969]]
[-0.22730757296085358, 0.0648777112364769, 0.1204327791929245, genpy.Time[1305031115279965939]]
[-0.19050826132297516, 0.06713610887527466, 0.1305995136499405, genpy.Time[1305031115343425498]]
[-0.18129776418209076, 0.06363265961408615, 0.12129005789756775, genpy.Time[1305031115379165729]]
[-0.16302916407585144, 0.06033029407262802, 0.12773579359054565, genpy.Time[1305031115411236857]]
[-0.1433306187391281, 0.062279462814331055, 0.13051722943782806, genpy.Time[1305031115443159152]]
[-0.1252143383026123, 0.05999946594238281, 0.13134612143039703, genpy.Time[1305031115479241250]]
[-0.09425075352191925, 0.06526932120323181, 0.15053215622901917, genpy.Time[1305031115511253037]]
[-0.07237773388624191, 0.06386152654886246, 0.15192846953868866, genpy.Time[1305031115543619882]]
[-0.06637660413980484, 0.06224768981337547, 0.14701198041439056, genpy.Time[1305031115579314873]]
[-0.05440386012196541, 0.06369918584823608, 0.14484471082687378, genpy.Time[1305031115611424280]]
